-77.933263	19.379663	0.0
-22.377707	19.379663	0.0
-4.0951	7.367749	0.0
-4.056354	7.349786	0.0
-4.01753	7.331994	0.0
-3.978628	7.314372	0.0
-3.939649	7.296923	0.0
-3.900593	7.279645	0.0
-3.861461	7.26254	0.0
-3.822255	7.245607	0.0
-3.782974	7.228848	0.0
-3.743619	7.212261	0.0
-3.704192	7.195849	0.0
-3.664693	7.17961	0.0
-3.625123	7.163545	0.0
-3.585482	7.147655	0.0
-3.545771	7.13194	0.0
-3.505992	7.1164	0.0
-3.466145	7.101036	0.0
-3.42623	7.085847	0.0
-3.386249	7.070834	0.0
-3.346202	7.055998	0.0
-3.30609	7.041338	0.0
-3.265914	7.026855	0.0
-3.225674	7.01255	0.0
-3.185372	6.998422	0.0
-3.145008	6.984472	0.0
-3.104582	6.970699	0.0
-3.064097	6.957105	0.0
-3.023551	6.94369	0.0
-2.982948	6.930454	0.0
-2.942286	6.917396	0.0
-2.901567	6.904518	0.0
-2.860792	6.891819	0.0
-2.819961	6.879301	0.0
-2.779075	6.866962	0.0
-2.738135	6.854804	0.0
-2.697142	6.842826	0.0
-2.656097	6.831029	0.0
-2.615	6.819413	0.0
-2.573853	6.807979	0.0
-2.532655	6.796725	0.0
-2.491408	6.785654	0.0
-2.450113	6.774764	0.0
-2.40877	6.764057	0.0
-2.367381	6.753531	0.0
-2.325945	6.743189	0.0
-2.284464	6.733029	0.0
-2.242939	6.723052	0.0
-2.20137	6.713258	0.0
-2.159759	6.703647	0.0
-2.118106	6.69422	0.0
-2.076411	6.684977	0.0
-2.034676	6.675917	0.0
-1.992902	6.667041	0.0
-1.951088	6.65835	0.0
-1.909237	6.649843	0.0
-1.867349	6.64152	0.0
-1.825425	6.633383	0.0
-1.783465	6.62543	0.0
-1.741471	6.617662	0.0
-1.699442	6.610079	0.0
-1.657381	6.602682	0.0
-1.615287	6.59547	0.0
-1.573162	6.588443	0.0
-1.531007	6.581603	0.0
-1.488822	6.574948	0.0
-1.446608	6.568479	0.0
-1.404365	6.562196	0.0
-1.362096	6.5561	0.0
-1.3198	6.55019	0.0
-1.277478	6.544466	0.0
-1.235132	6.538929	0.0
-1.192761	6.533579	0.0
-1.150368	6.528415	0.0
-1.107952	6.523439	0.0
-1.065514	6.518649	0.0
-1.023056	6.514046	0.0
-0.980578	6.509631	0.0
-0.938081	6.505403	0.0
-0.895566	6.501362	0.0
-0.853033	6.497509	0.0
-0.810484	6.493843	0.0
-0.767919	6.490364	0.0
-0.725339	6.487074	0.0
-0.682745	6.483971	0.0
-0.640137	6.481055	0.0
-0.597518	6.478328	0.0
-0.554886	6.475788	0.0
-0.512244	6.473437	0.0
-0.469592	6.471273	0.0
-0.426931	6.469297	0.0
-0.384262	6.46751	0.0
-0.341585	6.46591	0.0
-0.298901	6.464499	0.0
-0.256212	6.463275	0.0
-0.213517	6.46224	0.0
-0.170819	6.461393	0.0
-0.128117	6.460735	0.0
-0.085413	6.460264	0.0
-0.042707	6.459982	0.0
0.0	6.459888	0.0
0.013051	6.459922	0.0
0.026102	6.460026	0.0
0.039152	6.460198	0.0
0.052201	6.46044	0.0
0.065249	6.46075	0.0
0.078294	6.46113	0.0
0.091338	6.461579	0.0
0.104379	6.462096	0.0
0.117417	6.462683	0.0
0.130452	6.463338	0.0
0.143483	6.464063	0.0
0.15651	6.464856	0.0
0.169532	6.465718	0.0
0.18255	6.466649	0.0
0.195563	6.467649	0.0
0.208571	6.468718	0.0
0.221572	6.469855	0.0
0.234568	6.471061	0.0
0.247556	6.472336	0.0
0.260538	6.47368	0.0
0.273513	6.475092	0.0
0.28648	6.476573	0.0
0.299439	6.478123	0.0
0.312389	6.479741	0.0
0.325331	6.481427	0.0
0.338264	6.483182	0.0
0.351187	6.485005	0.0
0.3641	6.486897	0.0
0.377004	6.488856	0.0
0.389896	6.490884	0.0
0.402778	6.492981	0.0
0.415649	6.495145	0.0
0.428508	6.497377	0.0
0.441355	6.499677	0.0
0.454189	6.502046	0.0
0.467011	6.504482	0.0
0.47982	6.506986	0.0
0.492615	6.509557	0.0
0.505397	6.512196	0.0
0.518164	6.514903	0.0
0.530917	6.517677	0.0
0.543655	6.520519	0.0
0.556378	6.523428	0.0
0.569085	6.526404	0.0
0.581777	6.529448	0.0
0.594452	6.532558	0.0
0.607111	6.535735	0.0
0.619752	6.53898	0.0
0.632376	6.542291	0.0
0.644983	6.545669	0.0
0.657571	6.549113	0.0
0.670141	6.552625	0.0
0.682693	6.556202	0.0
0.695225	6.559846	0.0
0.707738	6.563556	0.0
0.720231	6.567332	0.0
0.732704	6.571174	0.0
0.745156	6.575082	0.0
0.757587	6.579056	0.0
0.769998	6.583096	0.0
0.782387	6.587201	0.0
0.794753	6.591372	0.0
0.807098	6.595608	0.0
0.81942	6.599909	0.0
0.831719	6.604275	0.0
0.843995	6.608707	0.0
0.856248	6.613203	0.0
0.868476	6.617764	0.0
0.88068	6.622389	0.0
0.892859	6.627079	0.0
0.905014	6.631834	0.0
0.917143	6.636652	0.0
0.929246	6.641535	0.0
0.941324	6.646482	0.0
0.953375	6.651492	0.0
0.965399	6.656566	0.0
0.977397	6.661704	0.0
0.989367	6.666905	0.0
1.00131	6.672169	0.0
1.013224	6.677496	0.0
1.02511	6.682887	0.0
1.036968	6.68834	0.0
1.048796	6.693855	0.0
1.060595	6.699434	0.0
1.072364	6.705074	0.0
1.084104	6.710777	0.0
1.095813	6.716541	0.0
1.107491	6.722368	0.0
1.119139	6.728256	0.0
1.130755	6.734206	0.0
1.14234	6.740217	0.0
1.153892	6.746289	0.0
1.165412	6.752422	0.0
1.1769	6.758617	0.0
1.188355	6.764871	0.0
1.199777	6.771187	0.0
1.211165	6.777562	0.0
1.222519	6.783998	0.0
1.233839	6.790494	0.0
2.01656	7.240706	0.0
2.799281	7.687536	0.0
3.582003	8.130983	0.0
4.364724	8.571046	0.0
5.147445	9.007727	0.0
5.930167	9.441024	0.0
6.712888	9.870939	0.0
7.495609	10.29747	0.0
8.278331	10.720618	0.0
9.061052	11.140383	0.0
9.843773	11.556765	0.0
10.626495	11.969764	0.0
11.409216	12.379379	0.0
12.191937	12.785612	0.0
12.974659	13.188462	0.0
13.75738	13.587928	0.0
14.540101	13.984012	0.0
15.322823	14.376712	0.0
16.105544	14.766029	0.0
16.888265	15.151963	0.0
17.670987	15.534514	0.0
18.453708	15.913682	0.0
19.236429	16.289467	0.0
20.019151	16.661869	0.0
20.801872	17.030888	0.0
21.584594	17.396523	0.0
22.367315	17.758776	0.0
23.150036	18.117645	0.0
23.932758	18.473131	0.0
24.715479	18.825235	0.0
25.4982	19.173955	0.0
26.280922	19.519292	0.0
27.063643	19.861246	0.0
27.846364	20.199817	0.0
28.629086	20.535004	0.0
29.411807	20.866809	0.0
30.194528	21.195231	0.0
30.97725	21.520269	0.0
31.759971	21.841925	0.0
32.542692	22.160197	0.0
33.325414	22.475086	0.0
34.108135	22.786592	0.0
34.890856	23.094715	0.0
35.673578	23.399455	0.0
36.456299	23.700812	0.0
37.23902	23.998786	0.0
38.021742	24.293377	0.0
38.804463	24.584584	0.0
39.587184	24.872409	0.0
40.369906	25.15685	0.0
41.152627	25.437909	0.0
41.935348	25.715584	0.0
42.71807	25.989876	0.0
43.500791	26.260785	0.0
44.283513	26.528311	0.0
45.066234	26.792454	0.0
45.848955	27.053214	0.0
46.631677	27.310591	0.0
47.414398	27.564584	0.0
48.197119	27.815195	0.0
48.979841	28.062422	0.0
49.762562	28.306267	0.0
50.545283	28.546728	0.0
51.328005	28.783806	0.0
52.110726	29.017501	0.0
52.893447	29.247813	0.0
53.676169	29.474742	0.0
54.45889	29.698288	0.0
55.241611	29.918451	0.0
56.024333	30.13523	0.0
56.807054	30.348627	0.0
57.589775	30.55864	0.0
58.372497	30.765271	0.0
59.155218	30.968518	0.0
59.937939	31.168382	0.0
60.720661	31.364863	0.0
61.503382	31.557961	0.0
62.286103	31.747676	0.0
63.068825	31.934008	0.0
63.851546	32.116957	0.0
64.634267	32.296522	0.0
65.416989	32.472705	0.0
66.19971	32.645504	0.0
66.982432	32.814921	0.0
67.765153	32.980954	0.0
68.547874	33.143604	0.0
69.330596	33.302871	0.0
70.113317	33.458755	0.0
70.896038	33.611256	0.0
71.67876	33.760374	0.0
72.461481	33.906109	0.0
73.244202	34.04846	0.0
74.026924	34.187429	0.0
74.809645	34.323015	0.0
75.592366	34.455217	0.0
76.375088	34.584036	0.0
77.157809	34.709472	0.0
77.94053	34.831526	0.0
78.723252	34.950196	0.0
